Precision: 0.9167973405460033
Recall: 0.9158333333333334
F1 Score: 0.916315083394336
